136, 852, 280, 708
136, 852, 280, 708
152, 852, 296, 708
152, 852, 296, 708
152, 852, 296, 708
152, 852, 296, 708
168, 852, 312, 708
168, 852, 312, 708
168, 852, 312, 708
168, 852, 312, 708
184, 852, 328, 708
184, 852, 328, 708
184, 852, 328, 708
184, 852, 328, 708
200, 852, 344, 708
200, 852, 344, 708
200, 836, 344, 692
200, 836, 344, 692
200, 836, 344, 692
200, 836, 344, 692
200, 836, 344, 692
200, 836, 344, 692
200, 836, 344, 692
200, 836, 344, 692
200, 836, 344, 692
200, 836, 344, 692
200, 836, 344, 692
200, 836, 344, 692
184, 836, 328, 692
184, 836, 328, 692
200, 852, 344, 708
200, 852, 344, 708
184, 852, 328, 708
184, 852, 328, 708
184, 852, 328, 708
184, 852, 328, 708
168, 852, 312, 708
168, 852, 312, 708
168, 868, 312, 724
168, 868, 312, 724
168, 852, 312, 708
168, 852, 312, 708
168, 852, 312, 708
168, 852, 312, 708
168, 868, 312, 724
168, 868, 312, 724
168, 868, 312, 724
168, 868, 312, 724
168, 868, 312, 724
168, 868, 312, 724
168, 868, 312, 724
168, 868, 312, 724
152, 868, 296, 724
152, 868, 296, 724
152, 868, 296, 724
152, 868, 296, 724
152, 868, 296, 724
152, 868, 296, 724
152, 868, 296, 724
152, 868, 296, 724
152, 868, 296, 724
152, 868, 296, 724
152, 868, 296, 724
152, 868, 296, 724
152, 868, 296, 724
152, 868, 296, 724
152, 868, 296, 724
152, 868, 296, 724
152, 868, 296, 724
152, 868, 296, 724
152, 868, 296, 724
152, 868, 296, 724
152, 868, 296, 724
152, 868, 296, 724
152, 868, 296, 724
152, 868, 296, 724
152, 868, 296, 724
152, 868, 296, 724
136, 852, 280, 708
136, 852, 280, 708
136, 852, 280, 708
136, 852, 280, 708
136, 836, 280, 692
136, 836, 280, 692
136, 836, 280, 692
136, 836, 280, 692
136, 836, 280, 692
136, 836, 280, 692
136, 836, 280, 692
136, 836, 280, 692
136, 836, 280, 692
136, 836, 280, 692
152, 836, 296, 692
152, 836, 296, 692
152, 836, 296, 692
152, 836, 296, 692
152, 836, 296, 692
152, 836, 296, 692
152, 836, 296, 692
152, 836, 296, 692
168, 836, 312, 692
168, 836, 312, 692
168, 836, 312, 692
168, 836, 312, 692
168, 836, 312, 692
168, 836, 312, 692
168, 836, 312, 692
168, 836, 312, 692
168, 836, 312, 692
168, 836, 312, 692
168, 836, 312, 692
168, 836, 312, 692
168, 836, 312, 692
168, 836, 312, 692
168, 852, 312, 708
168, 852, 312, 708
168, 852, 312, 708
168, 852, 312, 708
168, 852, 312, 708
168, 852, 312, 708
168, 852, 312, 708
168, 852, 312, 708
168, 852, 312, 708
168, 852, 312, 708
168, 852, 312, 708
168, 852, 312, 708
168, 852, 312, 708
168, 852, 312, 708
168, 852, 312, 708
168, 852, 312, 708
168, 852, 312, 708
168, 852, 312, 708
168, 852, 312, 708
168, 852, 312, 708
168, 852, 312, 708
168, 852, 312, 708
168, 852, 312, 708
168, 852, 312, 708
168, 852, 312, 708
168, 852, 312, 708
168, 852, 312, 708
168, 852, 312, 708
168, 852, 312, 708
168, 852, 312, 708
168, 852, 312, 708
168, 852, 312, 708
168, 852, 312, 708
168, 852, 312, 708
168, 852, 312, 708
168, 852, 312, 708
168, 852, 312, 708
168, 852, 312, 708
168, 852, 312, 708
168, 852, 312, 708
168, 852, 312, 708
168, 852, 312, 708
168, 852, 312, 708
168, 852, 312, 708
168, 852, 312, 708
168, 852, 312, 708
184, 852, 328, 708
184, 852, 328, 708
184, 852, 328, 708
184, 852, 328, 708
200, 852, 344, 708
200, 852, 344, 708
200, 852, 344, 708
200, 852, 344, 708
200, 852, 344, 708
200, 852, 344, 708
184, 852, 328, 708
184, 852, 328, 708
184, 852, 328, 708
184, 852, 328, 708
168, 852, 312, 708
168, 852, 312, 708
184, 868, 328, 724
184, 868, 328, 724
168, 868, 312, 724
168, 868, 312, 724
168, 868, 312, 724
168, 868, 312, 724
168, 884, 312, 740
168, 884, 312, 740
168, 884, 312, 740
168, 884, 312, 740
168, 884, 312, 740
168, 884, 312, 740
168, 884, 312, 740
168, 884, 312, 740
152, 900, 296, 756
152, 900, 296, 756
168, 900, 312, 756
168, 900, 312, 756
168, 916, 312, 772
168, 916, 312, 772
168, 916, 312, 772
168, 916, 312, 772
168, 916, 312, 772
168, 916, 312, 772
168, 916, 312, 772
168, 916, 312, 772
168, 916, 312, 772
168, 916, 312, 772
168, 916, 312, 772
168, 916, 312, 772
168, 916, 312, 772
168, 916, 312, 772
168, 932, 312, 788
168, 932, 312, 788
168, 932, 312, 788
168, 932, 312, 788
168, 932, 312, 788
168, 932, 312, 788
168, 932, 312, 788
168, 932, 312, 788
168, 932, 312, 788
168, 932, 312, 788
152, 932, 296, 788
152, 932, 296, 788
152, 932, 296, 788
152, 932, 296, 788
152, 932, 296, 788
152, 932, 296, 788
152, 916, 296, 772
152, 916, 296, 772
152, 916, 296, 772
152, 916, 296, 772
152, 916, 296, 772
152, 916, 296, 772
152, 916, 296, 772
152, 916, 296, 772
152, 916, 296, 772
152, 916, 296, 772
152, 916, 296, 772
152, 916, 296, 772
152, 916, 296, 772
152, 916, 296, 772
152, 916, 296, 772
152, 916, 296, 772
152, 916, 296, 772
152, 916, 296, 772
152, 916, 296, 772
152, 916, 296, 772
152, 932, 296, 788
152, 932, 296, 788
152, 932, 296, 788
152, 932, 296, 788
152, 932, 296, 788
152, 932, 296, 788
152, 932, 296, 788
152, 932, 296, 788
152, 932, 296, 788
152, 932, 296, 788
168, 932, 312, 788
168, 932, 312, 788
168, 932, 312, 788
168, 932, 312, 788
184, 948, 328, 804
184, 948, 328, 804
184, 948, 328, 804
184, 948, 328, 804
184, 948, 328, 804
184, 948, 328, 804
184, 948, 328, 804
184, 948, 328, 804
184, 948, 328, 804
184, 948, 328, 804
184, 932, 328, 788
184, 932, 328, 788
184, 932, 328, 788
184, 932, 328, 788
184, 932, 328, 788
184, 932, 328, 788
184, 932, 328, 788
184, 932, 328, 788
184, 916, 328, 772
184, 916, 328, 772
184, 916, 328, 772
184, 916, 328, 772
184, 916, 328, 772
184, 916, 328, 772
184, 900, 328, 756
184, 900, 328, 756
184, 900, 328, 756
184, 900, 328, 756
184, 900, 328, 756
184, 900, 328, 756
184, 884, 328, 740
184, 884, 328, 740
184, 884, 328, 740
184, 884, 328, 740
184, 868, 328, 724
184, 868, 328, 724
184, 868, 328, 724
184, 868, 328, 724
184, 868, 328, 724
184, 868, 328, 724
168, 868, 312, 724
168, 868, 312, 724
168, 868, 312, 724
168, 868, 312, 724
168, 868, 312, 724
168, 868, 312, 724
168, 852, 312, 708
168, 852, 312, 708
168, 852, 312, 708
168, 852, 312, 708
168, 852, 312, 708
168, 852, 312, 708
152, 852, 296, 708
152, 852, 296, 708
152, 852, 296, 708
152, 852, 296, 708
152, 852, 296, 708
152, 852, 296, 708
152, 852, 296, 708
152, 852, 296, 708
152, 868, 296, 724
152, 868, 296, 724
136, 868, 280, 724
136, 868, 280, 724
136, 868, 280, 724
136, 868, 280, 724
136, 868, 280, 724
136, 868, 280, 724
136, 884, 280, 740
136, 884, 280, 740
136, 884, 280, 740
136, 884, 280, 740
136, 884, 280, 740
136, 884, 280, 740
136, 884, 280, 740
136, 884, 280, 740
136, 900, 280, 756
136, 900, 280, 756
136, 900, 280, 756
136, 900, 280, 756
136, 900, 280, 756
136, 900, 280, 756
136, 900, 280, 756
136, 900, 280, 756
136, 900, 280, 756
136, 900, 280, 756
136, 900, 280, 756
136, 900, 280, 756
136, 900, 280, 756
136, 900, 280, 756
136, 900, 280, 756
136, 900, 280, 756
136, 900, 280, 756
136, 900, 280, 756
120, 900, 264, 756
120, 900, 264, 756
120, 900, 264, 756
120, 900, 264, 756
120, 900, 264, 756
120, 900, 264, 756
120, 900, 264, 756
120, 900, 264, 756
120, 900, 264, 756
120, 900, 264, 756
120, 900, 264, 756
120, 900, 264, 756
120, 900, 264, 756
120, 900, 264, 756
120, 900, 264, 756
120, 900, 264, 756
136, 884, 280, 740
136, 884, 280, 740
152, 884, 296, 740
152, 884, 296, 740
152, 884, 296, 740
152, 884, 296, 740
152, 884, 296, 740
152, 884, 296, 740
152, 884, 296, 740
152, 884, 296, 740
152, 868, 296, 724
152, 868, 296, 724
152, 868, 296, 724
152, 868, 296, 724
120, 596, 264, 452
120, 596, 264, 452
120, 580, 264, 436
120, 580, 264, 436
120, 548, 264, 404
120, 548, 264, 404
136, 548, 280, 404
136, 548, 280, 404
136, 532, 280, 388
136, 532, 280, 388
136, 516, 280, 372
136, 516, 280, 372
152, 516, 296, 372
152, 516, 296, 372
152, 500, 296, 356
152, 500, 296, 356
152, 500, 296, 356
152, 500, 296, 356
152, 484, 296, 340
152, 484, 296, 340
152, 468, 296, 324
152, 468, 296, 324
152, 468, 296, 324
152, 468, 296, 324
152, 468, 296, 324
152, 468, 296, 324
152, 468, 296, 324
152, 468, 296, 324
152, 468, 296, 324
152, 468, 296, 324
152, 468, 296, 324
152, 468, 296, 324
152, 452, 296, 308
152, 452, 296, 308
152, 452, 296, 308
152, 452, 296, 308
152, 452, 296, 308
152, 452, 296, 308
152, 452, 296, 308
152, 452, 296, 308
152, 452, 296, 308
152, 452, 296, 308
152, 468, 296, 324
152, 468, 296, 324
152, 468, 296, 324
152, 468, 296, 324
152, 468, 296, 324
152, 468, 296, 324
152, 468, 296, 324
152, 468, 296, 324
152, 468, 296, 324
152, 468, 296, 324
152, 468, 296, 324
152, 468, 296, 324
152, 468, 296, 324
152, 468, 296, 324
152, 468, 296, 324
152, 468, 296, 324
152, 468, 296, 324
152, 468, 296, 324
152, 468, 296, 324
152, 468, 296, 324
152, 468, 296, 324
152, 468, 296, 324
152, 468, 296, 324
152, 468, 296, 324
152, 468, 296, 324
152, 468, 296, 324
152, 468, 296, 324
152, 468, 296, 324
152, 468, 296, 324
152, 468, 296, 324
152, 468, 296, 324
152, 468, 296, 324
152, 468, 296, 324
152, 468, 296, 324
152, 468, 296, 324
152, 468, 296, 324
152, 468, 296, 324
152, 468, 296, 324
152, 468, 296, 324
152, 468, 296, 324
136, 468, 280, 324
136, 468, 280, 324
136, 468, 280, 324
136, 468, 280, 324
120, 468, 264, 324
120, 468, 264, 324
120, 468, 264, 324
120, 468, 264, 324
120, 468, 264, 324
120, 468, 264, 324
120, 468, 264, 324
120, 468, 264, 324
120, 468, 264, 324
120, 468, 264, 324
120, 468, 264, 324
120, 468, 264, 324
120, 468, 264, 324
120, 468, 264, 324
120, 468, 264, 324
120, 468, 264, 324
120, 468, 264, 324
120, 468, 264, 324
120, 468, 264, 324
120, 468, 264, 324
120, 468, 264, 324
120, 468, 264, 324
120, 468, 264, 324
120, 468, 264, 324
120, 468, 264, 324
120, 468, 264, 324
120, 468, 264, 324
120, 468, 264, 324
120, 468, 264, 324
120, 468, 264, 324
120, 468, 264, 324
120, 468, 264, 324
120, 468, 264, 324
120, 468, 264, 324
120, 468, 264, 324
120, 468, 264, 324
120, 468, 264, 324
120, 468, 264, 324
120, 484, 264, 340
120, 484, 264, 340
120, 500, 264, 356
120, 500, 264, 356
120, 516, 264, 372
120, 516, 264, 372
120, 516, 264, 372
120, 516, 264, 372
120, 516, 264, 372
120, 516, 264, 372
104, 516, 248, 372
104, 516, 248, 372
104, 516, 248, 372
104, 516, 248, 372
104, 516, 248, 372
104, 516, 248, 372
104, 516, 248, 372
104, 516, 248, 372
104, 516, 248, 372
104, 516, 248, 372
120, 516, 264, 372
120, 516, 264, 372
104, 516, 248, 372
104, 516, 248, 372
104, 516, 248, 372
104, 516, 248, 372
120, 516, 264, 372
120, 516, 264, 372
120, 516, 264, 372
120, 516, 264, 372
120, 516, 264, 372
120, 516, 264, 372
120, 516, 264, 372
120, 516, 264, 372
120, 516, 264, 372
120, 516, 264, 372
120, 516, 264, 372
120, 516, 264, 372
120, 516, 264, 372
120, 516, 264, 372
120, 516, 264, 372
120, 516, 264, 372
120, 500, 264, 356
120, 500, 264, 356
120, 500, 264, 356
120, 500, 264, 356
120, 500, 264, 356
120, 500, 264, 356
120, 500, 264, 356
120, 500, 264, 356
136, 516, 280, 372
136, 516, 280, 372
136, 516, 280, 372
136, 516, 280, 372
136, 516, 280, 372
136, 516, 280, 372
136, 516, 280, 372
136, 516, 280, 372
136, 516, 280, 372
136, 516, 280, 372
136, 516, 280, 372
136, 516, 280, 372
136, 516, 280, 372
136, 516, 280, 372
136, 516, 280, 372
136, 516, 280, 372
136, 516, 280, 372
136, 516, 280, 372
136, 516, 280, 372
136, 516, 280, 372
136, 516, 280, 372
136, 516, 280, 372
136, 500, 280, 356
136, 500, 280, 356
136, 500, 280, 356
136, 500, 280, 356
136, 500, 280, 356
136, 500, 280, 356
136, 500, 280, 356
136, 500, 280, 356
136, 500, 280, 356
136, 500, 280, 356
136, 500, 280, 356
136, 500, 280, 356
136, 500, 280, 356
136, 500, 280, 356
136, 500, 280, 356
136, 500, 280, 356
136, 500, 280, 356
136, 500, 280, 356
136, 500, 280, 356
136, 500, 280, 356
136, 500, 280, 356
136, 500, 280, 356
136, 500, 280, 356
136, 500, 280, 356
136, 500, 280, 356
136, 500, 280, 356
136, 500, 280, 356
136, 500, 280, 356
136, 500, 280, 356
136, 500, 280, 356
136, 500, 280, 356
136, 500, 280, 356
136, 500, 280, 356
136, 500, 280, 356
136, 500, 280, 356
136, 500, 280, 356
136, 500, 280, 356
136, 500, 280, 356
136, 500, 280, 356
136, 500, 280, 356
136, 500, 280, 356
136, 500, 280, 356
136, 500, 280, 356
136, 500, 280, 356
136, 500, 280, 356
136, 500, 280, 356
136, 500, 280, 356
136, 500, 280, 356
136, 500, 280, 356
136, 500, 280, 356
136, 500, 280, 356
136, 500, 280, 356
136, 500, 280, 356
136, 500, 280, 356
136, 500, 280, 356
136, 500, 280, 356
136, 500, 280, 356
136, 500, 280, 356
136, 500, 280, 356
136, 500, 280, 356
136, 500, 280, 356
136, 500, 280, 356
136, 500, 280, 356
136, 500, 280, 356
136, 500, 280, 356
136, 500, 280, 356
136, 500, 280, 356
136, 500, 280, 356
136, 500, 280, 356
136, 500, 280, 356
136, 500, 280, 356
136, 500, 280, 356
136, 500, 280, 356
136, 500, 280, 356
136, 500, 280, 356
136, 500, 280, 356
136, 500, 280, 356
136, 500, 280, 356
136, 500, 280, 356
136, 500, 280, 356
136, 500, 280, 356
136, 500, 280, 356
136, 500, 280, 356
136, 500, 280, 356
136, 500, 280, 356
136, 500, 280, 356
136, 500, 280, 356
136, 500, 280, 356
136, 500, 280, 356
136, 500, 280, 356
136, 500, 280, 356
136, 500, 280, 356
136, 500, 280, 356
136, 500, 280, 356
136, 500, 280, 356
136, 500, 280, 356
136, 500, 280, 356
136, 500, 280, 356
152, 484, 296, 340
152, 484, 296, 340
120, 436, 264, 292
120, 436, 264, 292
120, 420, 264, 276
120, 420, 264, 276
120, 420, 264, 276
120, 420, 264, 276
104, 420, 248, 276
104, 420, 248, 276
104, 420, 248, 276
104, 420, 248, 276
104, 436, 248, 292
104, 436, 248, 292
104, 436, 248, 292
104, 436, 248, 292
120, 452, 264, 308
120, 452, 264, 308
120, 452, 264, 308
120, 452, 264, 308
120, 452, 264, 308
120, 452, 264, 308
120, 468, 264, 324
120, 468, 264, 324
120, 468, 264, 324
120, 468, 264, 324
136, 484, 280, 340
136, 484, 280, 340
136, 484, 280, 340
136, 484, 280, 340
136, 484, 280, 340
136, 484, 280, 340
136, 484, 280, 340
136, 484, 280, 340
124, 508, 296, 336
124, 508, 296, 336
136, 500, 280, 356
136, 500, 280, 356
136, 500, 280, 356
136, 500, 280, 356
136, 500, 280, 356
136, 500, 280, 356
152, 500, 296, 356
152, 500, 296, 356
152, 516, 296, 372
152, 516, 296, 372
152, 516, 296, 372
152, 516, 296, 372
152, 516, 296, 372
152, 516, 296, 372
152, 532, 296, 388
152, 532, 296, 388
168, 548, 312, 404
168, 548, 312, 404
184, 580, 328, 436
184, 580, 328, 436
184, 580, 328, 436
184, 580, 328, 436
184, 580, 328, 436
184, 580, 328, 436
184, 580, 328, 436
184, 580, 328, 436
184, 596, 328, 452
184, 596, 328, 452
184, 596, 328, 452
184, 596, 328, 452
184, 596, 328, 452
184, 596, 328, 452
184, 596, 328, 452
184, 596, 328, 452
168, 580, 312, 436
168, 580, 312, 436
168, 564, 312, 420
168, 564, 312, 420
184, 564, 328, 420
184, 564, 328, 420
168, 548, 312, 404
168, 548, 312, 404
168, 532, 312, 388
168, 532, 312, 388
168, 532, 312, 388
168, 532, 312, 388
152, 516, 296, 372
152, 516, 296, 372
152, 516, 296, 372
152, 516, 296, 372
152, 500, 296, 356
152, 500, 296, 356
152, 500, 296, 356
152, 500, 296, 356
152, 484, 296, 340
152, 484, 296, 340
136, 484, 280, 340
136, 484, 280, 340
136, 468, 280, 324
136, 468, 280, 324
152, 468, 296, 324
152, 468, 296, 324
152, 468, 296, 324
152, 468, 296, 324
152, 452, 296, 308
152, 452, 296, 308
152, 452, 296, 308
152, 452, 296, 308
152, 452, 296, 308
152, 452, 296, 308
152, 436, 296, 292
152, 436, 296, 292
152, 436, 296, 292
152, 436, 296, 292
152, 436, 296, 292
152, 436, 296, 292
152, 436, 296, 292
152, 436, 296, 292
152, 436, 296, 292
152, 436, 296, 292
152, 436, 296, 292
152, 436, 296, 292
136, 436, 280, 292
136, 436, 280, 292
136, 436, 280, 292
136, 436, 280, 292
136, 452, 280, 308
136, 452, 280, 308
120, 452, 264, 308
120, 452, 264, 308
120, 468, 264, 324
120, 468, 264, 324
120, 468, 264, 324
120, 468, 264, 324
120, 484, 264, 340
120, 484, 264, 340
104, 484, 248, 340
104, 484, 248, 340
104, 484, 248, 340
104, 484, 248, 340
104, 500, 248, 356
104, 500, 248, 356
104, 500, 248, 356
104, 500, 248, 356
104, 500, 248, 356
104, 500, 248, 356
104, 500, 248, 356
104, 500, 248, 356
104, 516, 248, 372
104, 516, 248, 372
104, 516, 248, 372
104, 516, 248, 372
104, 516, 248, 372
104, 516, 248, 372
104, 516, 248, 372
104, 516, 248, 372
104, 516, 248, 372
104, 516, 248, 372
104, 516, 248, 372
104, 516, 248, 372
104, 516, 248, 372
104, 516, 248, 372
104, 516, 248, 372
104, 516, 248, 372
104, 516, 248, 372
104, 516, 248, 372
104, 516, 248, 372
104, 516, 248, 372
104, 516, 248, 372
104, 516, 248, 372
104, 516, 248, 372
104, 516, 248, 372
104, 516, 248, 372
104, 516, 248, 372
120, 516, 264, 372
120, 516, 264, 372
120, 516, 264, 372
120, 516, 264, 372
104, 516, 248, 372
104, 516, 248, 372
120, 516, 264, 372
120, 516, 264, 372
120, 516, 264, 372
120, 516, 264, 372
120, 516, 264, 372
120, 516, 264, 372
120, 516, 264, 372
120, 516, 264, 372
120, 516, 264, 372
120, 516, 264, 372
120, 516, 264, 372
120, 516, 264, 372
120, 516, 264, 372
