152, 676, 296, 532
152, 676, 296, 532
152, 676, 296, 532
152, 676, 296, 532
168, 676, 312, 532
168, 676, 312, 532
168, 660, 312, 516
168, 660, 312, 516
152, 628, 296, 484
152, 628, 296, 484
152, 596, 296, 452
152, 596, 296, 452
184, 852, 328, 708
184, 852, 328, 708
168, 564, 312, 420
168, 564, 312, 420
152, 548, 296, 404
152, 548, 296, 404
152, 532, 296, 388
152, 532, 296, 388
200, 836, 344, 692
200, 836, 344, 692
200, 836, 344, 692
200, 836, 344, 692
200, 836, 344, 692
200, 836, 344, 692
200, 836, 344, 692
200, 836, 344, 692
184, 836, 328, 692
184, 836, 328, 692
200, 852, 344, 708
200, 852, 344, 708
184, 852, 328, 708
184, 852, 328, 708
184, 852, 328, 708
184, 852, 328, 708
168, 852, 312, 708
168, 852, 312, 708
168, 548, 312, 404
168, 548, 312, 404
168, 852, 312, 708
168, 852, 312, 708
168, 852, 312, 708
168, 852, 312, 708
168, 532, 312, 388
168, 532, 312, 388
168, 868, 312, 724
168, 868, 312, 724
168, 516, 312, 372
168, 516, 312, 372
168, 868, 312, 724
168, 868, 312, 724
168, 516, 312, 372
168, 516, 312, 372
168, 500, 312, 356
168, 500, 312, 356
168, 500, 312, 356
168, 500, 312, 356
168, 500, 312, 356
168, 500, 312, 356
168, 500, 312, 356
168, 500, 312, 356
168, 500, 312, 356
168, 500, 312, 356
168, 516, 312, 372
168, 516, 312, 372
168, 516, 312, 372
168, 516, 312, 372
152, 516, 296, 372
152, 516, 296, 372
168, 532, 312, 388
168, 532, 312, 388
152, 532, 296, 388
152, 532, 296, 388
168, 548, 312, 404
168, 548, 312, 404
152, 548, 296, 404
152, 548, 296, 404
152, 548, 296, 404
152, 548, 296, 404
168, 564, 312, 420
168, 564, 312, 420
168, 564, 312, 420
168, 564, 312, 420
152, 564, 296, 420
152, 564, 296, 420
152, 580, 296, 436
152, 580, 296, 436
152, 580, 296, 436
152, 580, 296, 436
152, 596, 296, 452
152, 596, 296, 452
152, 596, 296, 452
152, 596, 296, 452
152, 612, 296, 468
152, 612, 296, 468
152, 612, 296, 468
152, 612, 296, 468
152, 612, 296, 468
152, 612, 296, 468
152, 612, 296, 468
152, 612, 296, 468
152, 612, 296, 468
152, 612, 296, 468
152, 612, 296, 468
152, 612, 296, 468
152, 612, 296, 468
152, 612, 296, 468
152, 612, 296, 468
152, 612, 296, 468
152, 596, 296, 452
152, 596, 296, 452
168, 836, 312, 692
168, 836, 312, 692
168, 836, 312, 692
168, 836, 312, 692
168, 836, 312, 692
168, 836, 312, 692
168, 852, 312, 708
168, 852, 312, 708
152, 548, 296, 404
152, 548, 296, 404
152, 532, 296, 388
152, 532, 296, 388
152, 516, 296, 372
152, 516, 296, 372
152, 516, 296, 372
152, 516, 296, 372
152, 500, 296, 356
152, 500, 296, 356
152, 484, 296, 340
152, 484, 296, 340
136, 468, 280, 324
136, 468, 280, 324
136, 452, 280, 308
136, 452, 280, 308
136, 436, 280, 292
136, 436, 280, 292
120, 420, 264, 276
120, 420, 264, 276
136, 420, 280, 276
136, 420, 280, 276
136, 404, 280, 260
136, 404, 280, 260
136, 404, 280, 260
136, 404, 280, 260
136, 404, 280, 260
136, 404, 280, 260
136, 404, 280, 260
136, 404, 280, 260
136, 388, 280, 244
136, 388, 280, 244
136, 404, 280, 260
136, 404, 280, 260
136, 404, 280, 260
136, 404, 280, 260
168, 852, 312, 708
168, 852, 312, 708
136, 404, 280, 260
136, 404, 280, 260
120, 404, 264, 260
120, 404, 264, 260
120, 404, 264, 260
120, 404, 264, 260
120, 404, 264, 260
120, 404, 264, 260
120, 404, 264, 260
120, 404, 264, 260
120, 404, 264, 260
120, 404, 264, 260
120, 404, 264, 260
120, 404, 264, 260
120, 404, 264, 260
120, 404, 264, 260
136, 420, 280, 276
136, 420, 280, 276
136, 420, 280, 276
136, 420, 280, 276
136, 420, 280, 276
136, 420, 280, 276
184, 868, 328, 724
184, 868, 328, 724
120, 436, 264, 292
120, 436, 264, 292
168, 868, 312, 724
168, 868, 312, 724
104, 452, 248, 308
104, 452, 248, 308
168, 884, 312, 740
168, 884, 312, 740
168, 884, 312, 740
168, 884, 312, 740
168, 884, 312, 740
168, 884, 312, 740
152, 900, 296, 756
152, 900, 296, 756
152, 900, 296, 756
152, 900, 296, 756
168, 900, 312, 756
168, 900, 312, 756
168, 916, 312, 772
168, 916, 312, 772
168, 916, 312, 772
168, 916, 312, 772
184, 516, 328, 372
184, 516, 328, 372
184, 516, 328, 372
184, 516, 328, 372
184, 516, 328, 372
184, 516, 328, 372
168, 516, 312, 372
168, 516, 312, 372
152, 516, 296, 372
152, 516, 296, 372
152, 516, 296, 372
152, 516, 296, 372
168, 932, 312, 788
168, 932, 312, 788
168, 932, 312, 788
168, 932, 312, 788
168, 564, 312, 420
168, 564, 312, 420
168, 564, 312, 420
168, 564, 312, 420
168, 932, 312, 788
168, 932, 312, 788
168, 580, 312, 436
168, 580, 312, 436
152, 596, 296, 452
152, 596, 296, 452
152, 596, 296, 452
152, 596, 296, 452
136, 596, 280, 452
136, 596, 280, 452
152, 932, 296, 788
152, 932, 296, 788
152, 596, 296, 452
152, 596, 296, 452
152, 580, 296, 436
152, 580, 296, 436
152, 580, 296, 436
152, 580, 296, 436
152, 916, 296, 772
152, 916, 296, 772
152, 548, 296, 404
152, 548, 296, 404
152, 548, 296, 404
152, 548, 296, 404
152, 548, 296, 404
152, 548, 296, 404
168, 548, 312, 404
168, 548, 312, 404
168, 548, 312, 404
168, 548, 312, 404
168, 548, 312, 404
168, 548, 312, 404
168, 564, 312, 420
168, 564, 312, 420
168, 580, 312, 436
168, 580, 312, 436
152, 580, 296, 436
152, 580, 296, 436
152, 596, 296, 452
152, 596, 296, 452
168, 628, 312, 484
168, 628, 312, 484
152, 628, 296, 484
152, 628, 296, 484
136, 644, 280, 500
136, 644, 280, 500
120, 644, 264, 500
120, 644, 264, 500
120, 644, 264, 500
120, 644, 264, 500
136, 628, 280, 484
136, 628, 280, 484
136, 628, 280, 484
136, 628, 280, 484
136, 612, 280, 468
136, 612, 280, 468
136, 612, 280, 468
136, 612, 280, 468
152, 612, 296, 468
152, 612, 296, 468
152, 596, 296, 452
152, 596, 296, 452
168, 596, 312, 452
168, 596, 312, 452
184, 596, 328, 452
184, 596, 328, 452
184, 932, 328, 788
184, 932, 328, 788
168, 596, 312, 452
168, 596, 312, 452
168, 580, 312, 436
168, 580, 312, 436
184, 932, 328, 788
184, 932, 328, 788
152, 580, 296, 436
152, 580, 296, 436
152, 580, 296, 436
152, 580, 296, 436
152, 580, 296, 436
152, 580, 296, 436
168, 580, 312, 436
168, 580, 312, 436
184, 900, 328, 756
184, 900, 328, 756
184, 900, 328, 756
184, 900, 328, 756
168, 580, 312, 436
168, 580, 312, 436
184, 884, 328, 740
184, 884, 328, 740
184, 868, 328, 724
184, 868, 328, 724
184, 580, 328, 436
184, 580, 328, 436
168, 580, 312, 436
168, 580, 312, 436
168, 580, 312, 436
168, 580, 312, 436
168, 580, 312, 436
168, 580, 312, 436
152, 580, 296, 436
152, 580, 296, 436
152, 580, 296, 436
152, 580, 296, 436
168, 852, 312, 708
168, 852, 312, 708
136, 580, 280, 436
136, 580, 280, 436
152, 852, 296, 708
152, 852, 296, 708
136, 580, 280, 436
136, 580, 280, 436
152, 564, 296, 420
152, 564, 296, 420
152, 852, 296, 708
152, 852, 296, 708
152, 868, 296, 724
152, 868, 296, 724
168, 564, 312, 420
168, 564, 312, 420
168, 564, 312, 420
168, 564, 312, 420
168, 548, 312, 404
168, 548, 312, 404
168, 564, 312, 420
168, 564, 312, 420
168, 564, 312, 420
168, 564, 312, 420
168, 564, 312, 420
168, 564, 312, 420
136, 884, 280, 740
136, 884, 280, 740
184, 564, 328, 420
184, 564, 328, 420
168, 564, 312, 420
168, 564, 312, 420
152, 596, 296, 452
152, 596, 296, 452
152, 596, 296, 452
152, 596, 296, 452
136, 532, 280, 388
136, 532, 280, 388
136, 900, 280, 756
136, 900, 280, 756
136, 900, 280, 756
136, 900, 280, 756
184, 516, 328, 372
184, 516, 328, 372
136, 900, 280, 756
136, 900, 280, 756
120, 900, 264, 756
120, 900, 264, 756
120, 900, 264, 756
120, 900, 264, 756
152, 516, 296, 372
152, 516, 296, 372
168, 548, 312, 404
168, 548, 312, 404
168, 532, 312, 388
168, 532, 312, 388
168, 532, 312, 388
168, 532, 312, 388
168, 532, 312, 388
168, 532, 312, 388
168, 532, 312, 388
168, 532, 312, 388
136, 884, 280, 740
136, 884, 280, 740
168, 532, 312, 388
168, 532, 312, 388
168, 532, 312, 388
168, 532, 312, 388
152, 884, 296, 740
152, 884, 296, 740
152, 884, 296, 740
152, 884, 296, 740
152, 868, 296, 724
152, 868, 296, 724
152, 868, 296, 724
152, 868, 296, 724
